[-7.42078027e+00  8.61913699e-02 -3.79987547e-02  6.82633082e-02
  5.13901249e-01  1.57578277e+08 -1.95143036e+07  1.79876749e+03
  9.49898115e-01  4.99700597e-01  5.00299403e-01 -1.25795963e-02
  2.66298075e-03  5.67798930e-02  6.23189106e-02  1.42070486e-02
  6.14223546e-03  2.21221050e-02  2.07687796e-02  1.82185025e-02
  1.94278054e-02  3.12372009e-02  1.57630640e-03  2.22804634e-03
  2.12927962e-01  1.33987146e-03  2.37823766e-01  4.32221582e-03
  1.66496950e-03  3.22669721e-02  9.26330889e-06  2.20554974e-07
  9.26330889e-06  4.41109947e-07  3.97334196e-02  1.73628815e-01
  1.63872345e-03  3.22757943e-02  4.23774326e-03  1.27921885e-04
  1.54388482e-06  3.94793403e-05  1.28142440e-04  1.16894136e-05
  1.21966900e-04]