[3.62773320e+03 7.20693644e+02 2.63119047e+00 1.51183603e-01
 6.79133333e-01 5.71988521e+22 1.07911782e+21 1.10198156e+06
 4.03950014e+00 2.49999910e-01 2.49999910e-01 3.39664339e+01
 2.65588929e-03 5.35559367e-02 5.84352640e-02 1.40052084e-02
 6.10450840e-03 2.16327174e-02 2.03374374e-02 1.78865887e-02
 1.90503658e-02 3.02614382e-02 1.57382166e-03 2.22308215e-03
 1.67589645e-01 1.33807621e-03 1.81263623e-01 4.30353427e-03
 1.66219737e-03 3.12258146e-02 9.26322309e-06 2.20554925e-07
 9.26322309e-06 4.41109753e-07 3.81546750e-02 1.43481850e-01
 1.63603804e-03 3.12340674e-02 4.21978480e-03 1.27905521e-04
 1.54388243e-06 3.94777817e-05 1.28126019e-04 1.16892770e-05
 1.21952025e-04]